,n_estimators,accuracy,truePos,trueNeg,falsePos,falseNeg
0,1,0.7083333333333334,3,14,7,0
1,1,0.875,7,14,2,1
2,1,0.5416666666666666,2,11,6,5
3,1,0.7083333333333334,2,15,4,3
4,1,0.4166666666666667,2,8,8,6
5,1,0.5833333333333334,3,11,7,3
6,1,0.625,1,14,8,1
7,1,0.75,1,17,4,2
8,1,0.7083333333333334,2,15,1,6
9,1,0.7083333333333334,1,16,2,5
10,1,0.6666666666666666,6,10,7,1
11,1,0.7083333333333334,3,14,5,2
12,1,0.7916666666666666,5,14,1,4
13,1,0.8333333333333334,4,16,3,1
14,1,0.7916666666666666,4,15,4,1
15,1,0.625,2,13,3,6
16,1,0.75,6,12,5,1
17,1,0.5833333333333334,4,10,4,6
18,1,0.6666666666666666,4,12,3,5
19,1,0.75,5,13,3,3
20,1,0.5833333333333334,2,12,7,3
21,1,0.5416666666666666,2,11,3,8
22,1,0.7083333333333334,5,12,1,6
23,1,0.625,2,13,3,6
24,1,0.5416666666666666,1,12,6,5
25,1,0.75,5,13,3,3
26,1,0.75,4,14,2,4
27,1,0.625,4,11,2,7
28,1,0.5416666666666666,3,10,5,6
29,1,0.6666666666666666,5,11,4,4
30,1,0.5,1,11,2,10
31,1,0.5416666666666666,6,7,2,9
32,1,0.7083333333333334,4,13,4,3
33,1,0.5833333333333334,3,11,6,4
34,1,0.5,3,9,3,9
35,1,0.6666666666666666,5,11,1,7
36,1,0.625,5,10,4,5
37,1,0.3333333333333333,0,8,11,5
38,1,0.6666666666666666,4,12,4,4
39,1,0.5416666666666666,2,11,8,3
40,1,0.5833333333333334,1,13,9,1
41,1,0.625,3,12,4,5
42,1,0.6666666666666666,3,13,3,5
43,1,0.75,4,14,1,5
44,1,0.5833333333333334,3,11,6,4
45,1,0.7916666666666666,4,15,3,2
46,1,0.7083333333333334,7,10,1,6
47,1,0.6666666666666666,5,11,5,3
48,1,0.75,3,15,4,2
49,1,0.75,2,16,4,2
