,n_estimators,accuracy,truePos,trueNeg,falsePos,falseNeg
0,11,0.75,2,16,5,1
1,11,0.6666666666666666,2,14,4,4
2,11,0.7083333333333334,6,11,5,2
3,11,0.7916666666666666,2,17,4,1
4,11,0.7916666666666666,2,17,4,1
5,11,0.7916666666666666,2,17,4,1
6,11,0.75,3,15,5,1
7,11,0.75,4,14,5,1
8,11,0.5833333333333334,2,12,3,7
9,11,0.6666666666666666,5,11,4,4
10,11,0.7916666666666666,3,16,5,0
11,11,0.7916666666666666,5,14,5,0
12,11,0.7083333333333334,3,14,5,2
13,11,0.7083333333333334,4,13,5,2
14,11,0.5833333333333334,0,14,6,4
