,n_estimators,accuracy,truePos,trueNeg,falsePos,falseNeg
0,13,0.6666666666666666,2,14,6,2
1,13,0.75,3,15,5,1
2,13,0.7916666666666666,2,17,4,1
3,13,0.7083333333333334,3,14,4,3
4,13,0.8333333333333334,4,16,3,1
5,13,0.7083333333333334,2,15,6,1
6,13,0.6666666666666666,0,16,6,2
7,13,0.7083333333333334,4,13,6,1
8,13,0.6666666666666666,6,10,4,4
9,13,0.9166666666666666,6,16,1,1
10,13,0.7083333333333334,2,15,6,1
11,13,0.8333333333333334,3,17,4,0
12,13,0.8333333333333334,2,18,4,0
13,13,0.7916666666666666,5,14,3,2
14,13,0.625,2,13,6,3
