,n_estimators,accuracy,truePos,trueNeg,falsePos,falseNeg
0,14,0.8333333333333334,5,15,4,0
1,14,0.8333333333333334,4,16,4,0
2,14,0.9166666666666666,5,17,2,0
3,14,0.4583333333333333,2,9,8,5
4,14,0.875,3,18,1,2
5,14,0.6666666666666666,3,13,5,3
6,14,0.7083333333333334,2,15,5,2
7,14,0.5416666666666666,4,9,2,9
8,14,0.9166666666666666,5,17,2,0
9,14,0.7916666666666666,3,16,5,0
10,14,0.625,3,12,7,2
11,14,0.6666666666666666,2,14,8,0
12,14,0.75,4,14,4,2
13,14,0.7083333333333334,5,12,4,3
14,14,0.7916666666666666,5,14,2,3
