,n_estimators,accuracy,truePos,trueNeg,falsePos,falseNeg
0,3,0.8333333333333334,5,15,3,1
1,3,0.625,2,13,6,3
2,3,0.7916666666666666,5,14,3,2
3,3,0.6666666666666666,1,15,6,2
4,3,0.6666666666666666,3,13,5,3
5,3,0.6666666666666666,4,12,1,7
6,3,0.7916666666666666,4,15,4,1
7,3,0.7916666666666666,2,17,4,1
8,3,0.8333333333333334,3,17,1,3
9,3,0.625,4,11,6,3
10,3,0.75,4,14,4,2
11,3,0.7083333333333334,2,15,4,3
12,3,0.6666666666666666,4,12,0,8
13,3,0.7916666666666666,6,13,1,4
14,3,0.7916666666666666,4,15,2,3
