,n_estimators,accuracy,truePos,trueNeg,falsePos,falseNeg
0,20,0.4583333333333333,2,9,8,5
1,20,0.8333333333333334,5,15,2,2
2,20,0.7083333333333334,5,12,6,1
3,20,0.7916666666666666,4,15,2,3
4,20,0.625,2,13,7,2
5,20,0.7916666666666666,4,15,2,3
6,20,0.75,2,16,5,1
7,20,0.8333333333333334,6,14,1,3
8,20,0.7916666666666666,7,12,3,2
9,20,0.7916666666666666,5,14,3,2
10,20,0.75,4,14,1,5
11,20,0.9166666666666666,4,18,2,0
12,20,0.625,1,14,4,5
13,20,0.7083333333333334,1,16,6,1
14,20,0.7916666666666666,2,17,4,1
