,n_estimators,accuracy,truePos,trueNeg,falsePos,falseNeg
0,15,0.75,0,18,4,2
1,15,0.625,4,11,4,5
2,15,0.7916666666666666,2,17,3,2
3,15,0.7083333333333334,4,13,4,3
4,15,0.8333333333333334,5,15,4,0
5,15,0.75,2,16,5,1
6,15,0.5416666666666666,0,13,11,0
7,15,0.8333333333333334,4,16,3,1
8,15,0.8333333333333334,2,18,3,1
9,15,0.7083333333333334,4,13,6,1
10,15,0.7916666666666666,5,14,4,1
11,15,0.6666666666666666,2,14,5,3
12,15,0.5416666666666666,3,10,5,6
13,15,0.75,4,14,3,3
14,15,0.8333333333333334,6,14,2,2
