,n_estimators,accuracy,truePos,trueNeg,falsePos,falseNeg
0,8,0.5833333333333334,5,9,5,5
1,8,0.5833333333333334,2,12,6,4
2,8,0.5833333333333334,4,10,1,9
3,8,0.625,3,12,3,6
4,8,0.6666666666666666,5,11,1,7
5,8,0.7083333333333334,1,16,2,5
6,8,0.7916666666666666,4,15,2,3
7,8,0.7083333333333334,3,14,6,1
8,8,0.5416666666666666,4,9,10,1
9,8,0.75,6,12,1,5
10,8,0.625,3,12,8,1
11,8,0.7083333333333334,5,12,4,3
12,8,0.6666666666666666,3,13,1,7
13,8,0.5833333333333334,3,11,7,3
14,8,0.6666666666666666,4,12,3,5
