,n_estimators,accuracy,truePos,trueNeg,falsePos,falseNeg
0,7,0.6666666666666666,3,13,5,3
1,7,0.5416666666666666,5,8,3,8
2,7,0.625,2,13,6,3
3,7,0.5416666666666666,2,11,7,4
4,7,0.7083333333333334,4,13,1,6
5,7,0.7916666666666666,3,16,2,3
6,7,0.75,4,14,2,4
7,7,0.7083333333333334,5,12,6,1
8,7,0.7916666666666666,3,16,4,1
9,7,0.625,2,13,6,3
10,7,0.7916666666666666,3,16,4,1
11,7,0.5416666666666666,0,13,9,2
12,7,0.7083333333333334,3,14,5,2
13,7,0.6666666666666666,5,11,6,2
14,7,0.6666666666666666,3,13,5,3
